167
4 68 34 494 267
4 376 337 442 318
4 216 229 58 492
3 321 125 324
4 223 59 178 351
3 211 225 12
2 401 279
2 255 144
3 4 121 147
4 141 236 137 341
2 413 366
3 143 386 212
2 183 29
4 7 14 107 493
3 71 260 373
4 110 304 160 126
2 122 238
2 213 157
3 66 462 265
2 42 111
4 323 469 45 281
2 79 175
4 184 275 274 32
4 414 179 218 407
4 108 464 459 299
4 343 448 44 248
4 476 411 443 124
3 55 228 420
3 395 388 296
2 48 292
3 8 39 269
3 382 209 170
2 331 226
4 398 75 410 350
2 325 205
4 378 499 76 487
2 250 97
4 440 33 330 239
2 118 416
2 491 283
4 305 371 467 98
4 365 472 52 130
3 406 477 151
4 458 233 342 360
3 273 394 478
4 6 352 64 86
4 22 132 446 174
3 249 245 285
2 252 159
2 62 389
3 194 377 1
2 25 166
2 303 374
2 356 77
4 217 312 224 264
3 138 101 9
3 290 480 195
4 298 26 306 244
3 85 315 295
3 430 471 186
2 392 5
4 435 463 368 338
2 131 479
2 349 495
2 117 65
4 208 127 482 474
2 425 134
4 390 473 69 276
4 278 447 207 485
2 346 359
4 214 113 294 364
2 251 340
4 258 231 38 215
4 484 496 197 375
3 465 431 243
2 2 483
3 256 362 380
4 115 73 291 156
4 452 309 262 102
4 46 490 497 17
2 287 391
4 148 432 424 436
4 399 171 167 89
2 405 270
4 301 123 415 202
3 297 284 453
4 319 271 400 428
2 18 173
2 403 333
2 13 322
4 254 192 94 210
4 240 261 335 114
2 116 334
3 63 188 426
3 87 486 470
3 168 112 93
4 40 369 444 450
3 41 105 404
2 222 461
2 70 234
2 181 100
3 363 61 84
4 50 200 129 16
2 367 336
4 37 327 454 259
2 30 345
2 300 103
3 136 169 347
2 135 253
2 92 314
4 466 235 498 47
2 358 154
2 10 36
2 468 90
2 155 31
2 383 409
3 120 220 133
3 241 332 455
4 139 357 286 185
3 149 288 21
4 43 80 427 78
2 49 189
3 372 396 308
4 421 104 384 28
2 408 437
4 423 237 150 35
2 282 434
3 206 381 329
2 54 438
3 355 445 72
4 451 361 163 289
3 441 191 317
3 19 422 204
2 153 418
4 344 199 20 162
3 429 242 15
3 158 500 449
4 190 60 145 67
2 293 106
3 489 82 257
4 397 316 140 83
3 56 142 27
3 354 161 221
4 172 272 385 99
4 51 419 109 182
2 227 277
3 193 119 307
4 219 417 348 198
4 328 457 96 146
2 339 266
2 456 81
2 88 280
2 152 387
3 370 313 196
4 326 247 95 246
4 310 311 488 57
4 263 24 460 165
2 23 180
2 164 53
4 379 177 439 187
4 91 232 433 176
2 353 230
3 128 320 475
2 268 302
3 481 203 393
2 3 74
3 412 201 402